subreddit,self ID,parent ID,time,text
Random_Acts_Of_Amazon,ff7wqhb,t1_ff7qwlc,1579660177.0,Me too
PictureGame,feyh94m,t3_eqwr5p,1579445531.0,Rest In Peace?
Whatcouldgowrong,fey0brq,t3_eqtyez,1579439015.0,"She reminds me of Scary Terry, but like deluded"
sports,fevw0fr,t1_fetyc14,1579402139.0,"Sir, this is a Wendy’s"
homeautomation,fevrnc1,t1_fetakvn,1579400705.0,This guy toilets
likeus,fevorjp,t1_fevbejp,1579399737.0,"Looks like it to me, but I’m not a doctor"
Random_Acts_Of_Amazon,fevm8w8,t3_eqobx6,1579399019.0,"This reminds me, I need an umbrella too."
AskReddit,feow662,t3_eq1wzh,1579306713.0,To not be in debt
iamverysmart,fenymxu,t1_fenwnm9,1579292687.0,Before
iamverysmart,fenu4vd,t1_fen0zmm,1579290754.0,My mom said I was smart once
Random_Acts_Of_Amazon,fenmxud,t1_fenly43,1579288061.0,Instead of smoking two or three on my way home from work I end up waiting until I’m home to smoke. Much better and safer than smoking while driving.
apexlegends,fenlo96,t3_epy074,1579287347.0,She looks like a thicc boi
Random_Acts_Of_Amazon,fenlb3c,t1_fen239n,1579287123.0,I just got a new used car and I made a rule that I’m not allowed to smoke in it. I’m doing good so far!
Random_Acts_Of_Amazon,femzplr,t3_eoglne,1579273695.0,Water bottles and ice trays. All you need is a freezer and you’re set for life!
Random_Acts_Of_Amazon,femza2f,t3_ep1d75,1579273395.0,I would say that my worst habit is smoking. I have begun to associate smoking with bathroom breaks at work and it’s started to become a problem. I now have to ask myself if I just need to pee or if I really want a cigarette. It’s usually the former.
iamverysmart,femqlmo,t3_epmkmi,1579266728.0,I feel like most people that use semicolons to try and seem smart never use them correctly.
progresspics,feicxj7,t1_fei01tp,1579135582.0,Valiant?
Random_Acts_Of_Amazon,fefenjq,t1_fefejy2,1579054707.0,Thank you! Well wishes to you too.
Random_Acts_Of_Amazon,fefecf7,t3_eohvr0,1579054515.0,Your counter is very clean
Random_Acts_Of_Amazon,fefe639,t3_eosn6v,1579054402.0,"I had Waffle House for the second time today. I know it’s bad, but I can’t help myself."
Random_Acts_Of_Amazon,fefe13i,t3_eovccb,1579054316.0,"You’re always sick because you don’t get enough of the person. If you want to be healthy, take the meds to the doctor every day.


On point."
Random_Acts_Of_Amazon,fefdttm,t3_eoqkon,1579054192.0,"I am recovering from an episode of psychosis that started in November. I’m learning a lot about myself and am trying to be a better person now that I am stable and feel like a normal person.

New user, no wishlist here. Just wanted to say that!"
AskReddit,feeemxn,t1_feeelc3,1579032177.0,This is a pointless argument lol
AskReddit,feeek1m,t1_feeega5,1579032131.0,http://letmegooglethat.com/
AskReddit,feeeaaf,t1_feee28p,1579031973.0,"That was not the implication. I don’t think that actors literally have sex (although some do), I was just wondering what it’s like to play in a role where you have sex with someone that isn’t your SO and how you or your SO feel about it. No need to argue on askreddit lol"
AskReddit,feedxd1,t1_feedvk9,1579031761.0,"It’s still sex in the film, though"
wholesomememes,fe5cxg7,t1_fe5cum2,1578867807.0,I feel like I’ll be on the list for hearing aids sooner than later. There is a noticeable difference between ammunition right and left ears.
wholesomememes,fe5cnbc,t1_fe5cgw0,1578867732.0,I’m glad you’re taking good care of your ears
wholesomememes,fe5c6ic,t1_fe2rviu,1578867584.0,How’s your hearing? I feel like concerts are always way too loud for me. Makes me worry about my hearing.
Random_Acts_Of_Amazon,fe3rx3w,t3_enonvb,1578852268.0,"I’m not an active member, but thanks anyway!"
AskReddit,fdoyo31,t1_fdoyiw2,1578615892.0,Care to share your band?
Eyebleach,fdn3i4x,t1_fdmu5yy,1578576206.0,My dog blinks one eye at a time. I think it’s normal.
fakealbumcovers,fdn3cpk,t3_em82lp,1578576074.0,Well done
wholesomememes,fdk7qbl,t3_els08n,1578497993.0,Is this loss?
AskReddit,fdjyn8x,t1_fdj2a9i,1578491548.0,Is SiriusXM worth it? I have a free trial and I’m not sure if I’m even going to use it or not.
ShamelesslyStolen,fdgzfmb,t3_el8fj7,1578412024.0,Looks like a scripted Asian gif
mildlyinteresting,fdgjt5h,t1_fdgb6bv,1578399643.0,Wouldn’t want to loose it.
mildlyinteresting,fdbza2w,t1_fdbz7bm,1578264182.0,I think you’re correct. I saw a lady just picking up bottles of milk with a Walmart name tag on.
mildlyinteresting,fdbz6sk,t1_fdbz38j,1578264134.0,That’d be pretty sweed
gaming,fd30il1,t3_ejuwgq,1578153585.0,What game is this?
ShamelesslyStolen,fcq4yav,t1_fcpzs4x,1577878800.0,I think it’s the little dance at the end
foodhacks,fcoixfv,t3_ei5p8g,1577833358.0,Very cool.
fakealbumcovers,fcoi9ur,t1_fcohv0m,1577832885.0,"Yes, Decade Edition! Thanks for that."
fakealbumcovers,fcnu2y2,t3_ei3891,1577818429.0,I can’t even read the middle text. What does it say?
Whatcouldgowrong,fcnrkgw,t1_fcn1zo3,1577817085.0,This video could have started at 0:15 and we literally would have missed nothing.
dadjokes,fc8nywy,t3_egmosm,1577538780.0,How could this be construed as homophobia. People need to stop getting triggered over stupid shit. Good joke.
schizoaffective,fc73u33,t1_fc6oc67,1577496807.0,"For me it’s just me not wanting to listen to music that brings back memories. And then if I find a genre or set of songs I like, there’s always something in those songs to trigger bad thoughts. I feel like I can’t win."
CasualConversation,fc73q76,t3_egdxlz,1577496723.0,"It’s less gendered as it is a generalization. Guys like cars, women like clothes. I mean it’s just what’s common among genders."
LifeProTips,fc57zhv,t1_fc57454,1577447874.0,There is a noticeable difference to be heard when I start my car with or without letting the fuel pumps engage.
LifeProTips,fc57y7j,t1_fc55p7k,1577447823.0,Not everyone drives a new car
LifeProTips,fc52j2m,t1_fc52hua,1577439766.0,Thanks for the explanation. What kind of car do you drive?
LifeProTips,fc51y5p,t1_fc51j4e,1577438921.0,I’ve never owned a diesel. Do they make you wait to start?
schizoaffective,fc4zglx,t1_fc4h34f,1577435308.0,I was basically saying that there is no point in arguing over nothing.
schizoaffective,fc46x50,t1_fc46q51,1577408257.0,"Thank you. I’ve come to learn that there is no point in defending your position until the end, when it’s really inconsequential after all. Im trying to get better at expressing myself and being more open about my thoughts."
StudentLoans,fc3gxwz,t1_fc2oiol,1577389560.0,"I forgot about it tbh. I’ve heard that asking for a forebearance isn’t quite the best way to handle this. I’m going to take a look at their site and see if I can just get the ball rolling by making a payment when I get paid tomorrow.

Edit: turns out my first payment isn’t due until 1/2022. I guess I should have checked that first before posting here. I’ll remember next time"
schizoaffective,fc2o2uo,t1_fc1updu,1577368761.0,"I’m honestly just learning as I go, so what works for me may not work for you."
schizoaffective,fc1tndt,t1_fc1rdpz,1577329355.0,"I’m not really religious and I don’t expect to be swayed, but it’s a very good environment to be in. I feel like you can make real friends in places like this. My suggestion to you is to take up a new hobby or just get more involved in one you already like. I’m sure a lot of people are into the same things you are, try attending get-togethers or other events. It won’t be easy, but you’ll eventually get used to the social interaction."
grammar,fc1iv9f,t3_efkldj,1577320088.0,"I feel like bacteria refers to one bunch of bacteriums, whereas bacterias could be several different bacteriums. But at this point it’s really just semantics."
HighQualityGifs,fc1ipsl,t1_fc0ramp,1577319966.0,"I upvote most of the posts I see. I liked this one so much, I upvoted twice! Beat that, suckers."
dadjokes,fc0xlhz,t3_efi144,1577302408.0,Nice double entendre
schizoaffective,fc019af,t1_fbzfl70,1577273259.0,It sure is. After my recent hospitalization I took up going to church and through church I intend to serve my community. Church is a great place to meet new people who are generally accepting and understanding of other peoples’ problems.
mountandblade,fbzbd4c,t1_fbzb2wr,1577241056.0,"I’m just trying to see things from others’ point of view. I’ve realized that reddit is a real echo chamber and I’m trying to change my thinking. Reddit is the only *social* media I really use, if you could even call it that. I’m trying to substitute screen time with real human interaction, but sometimes I just get curious about what some people on reddit are into."
