subreddit,self ID,parent ID,time,text
Zoomies,ff9tb1m,t1_ff9nh8a,1579720799.0,That is always my first thought when I see the name too hahah
croatia,ff8w4n4,t1_ff8vhk1,1579698061.0,"Kak to opce mozes rec, kad je ocito da je fotkano bojlerom!"
Horses,ff5iyeh,t1_ff5ip5w,1579595038.0,I know exactly what you mean! There is always that one horse who steals your heart :)
Horses,ff5i2hf,t1_ff5fcsw,1579593846.0,"Thank you so much! 

He is not my horse, he is one of the riding school's horses so I don't know if I understood it right. But basically those other 2 rings are used to have a better contact on the bit. For example when he goes trail riding he tends to pull a lot, like there is absolutely no bit, so we usually put it on one of those lower rings for better control."
Zoomies,ff5hwys,t1_ff4o6s8,1579593646.0,https://www.reddit.com/r/aww/comments/erkw5g/just_a_tiny_snoot_waiting_for_a_boop/?utm_medium=android_app&utm_source=share
Zoomies,ff5gf04,t1_ff5e2yn,1579591735.0,Yes! I recently found out about that breed and I think she could be some cross of it
rarepuppers,ff48eum,t1_ff4860e,1579557789.0,Thank you so much! :)
slammywhammies,ff481ws,t1_ff4700e,1579557566.0,Done! :D
slammywhammies,ff46jo4,t1_ff3xruw,1579556636.0,"Oh wow, that is a strange mix haha
Yes, you are probably right, Viki is a breed on her own :D"
slammywhammies,ff3rhqs,t1_ff3ors9,1579547276.0,"Oh my god, he is so adorable! He reminds me of an old wise wizard :D
I think she could be part schnauzer, especially in the head. But I feel like the body shape is different"
slammywhammies,ff3i2pd,t1_ff3gdxr,1579541497.0,"Hahah yes, she is only brave from a safe distance!"
slammywhammies,ff3i1qe,t1_ff396n5,1579541481.0,"Well, I always thought she is some kind of terrier cross. But recently I found out about the breed called Petit Basset Griffon Vendeen, and she looks exactly like them except she has shorter ears. So maybe she is some kind of version of that breed :D"
Zoomies,ff38f86,t1_ff3784n,1579536139.0,"Jesus I legit thought at first glance it was Viki! Luna seems a bit darker in the face, but the rest is the saaame, even the coat coloring on the back :o"
Zoomies,ff31mso,t1_ff316d6,1579531293.0,"Yes, they tend to flop around :D"
Zoomies,ff2x56d,t1_ff2wi8e,1579527415.0,I am seriously thinking about it after all the nice comments here :D
Zoomies,ff2t53h,t1_ff2t0q8,1579523067.0,Oh my god hahahah
Zoomies,ff2m7xk,t1_ff2lkiy,1579512873.0,"Hahaha yes, it's like she takes a few seconds to process that the pup is still not playing with her"
Zoomies,ff2laqy,t1_ff29r56,1579511480.0,Croatian :D
Zoomies,ff2krqu,t1_ff2k3zx,1579510712.0,"I know, right!? It gets funnier to me every time I watch it :D"
Zoomies,ff2ie10,t1_ff2i8d3,1579507475.0,"Thank you so much! I was very surprised she accepted the puppy this well, as she is usually not the one to play with other dogs when we go outside. But she is absolutely crazy for puppies! Some time after this video was taken, I got a puppy of my own and Viki was just as excited. They are really best friends now!"
Zoomies,ff2i8mi,t1_ff22mnt,1579507283.0,"I love the expression ""more of a Viki"" like Viki being the unit for excitement haha"
Zoomies,ff2hxqe,t1_ff2g8nx,1579506902.0,"She is some kind of terrier cross, or maybe a petit basset griffon vendeen cross. We never found out haha"
dogpictures,ff2f2fe,t1_ff1y51p,1579503452.0,"Trust me, she is so spoiled it's embarrasing :D"
dogpictures,ff2exc0,t1_ff21cnq,1579503292.0,"I'm not 100% sure, but you could be right!"
Zoomies,ff2es8f,t1_ff27vve,1579503133.0,"Yes, in the end they had a great time together! I just had to keep an eye on them because I was afraid Viki could accidentaly hurt the baby, like step on it or something, it seemed so fragile"
Zoomies,ff2eopd,t1_ff28p7o,1579503025.0,And definitely acts like one :D
Zoomies,ff2emu8,t1_ff26s9b,1579502967.0,Move aside Lord of the dance 😂
Zoomies,ff2elhv,t1_ff1xclo,1579502928.0,"Honestly I don't know for sure. I've always been told she is some kind of terrier cross, but didn't kniw which exactly. But recently I found out about the breed called Petit Basset Griffon Vendeen and Viki looks exactly like that, except for shorter ears. But everything else is the same, body shape, head, fur, coloring. So maybe she is some version of that breed :D"
Zoomies,ff2egct,t1_ff1ydyq,1579502766.0,"I am not 100% sure, but I think you could be right!"
Zoomies,ff2eeyj,t1_ff1ij86,1579502724.0,"I actually did! I have another pupper named Alfi, which is some kind of mini pinsch and pekingese cross. He came to my home when he was just 2 months old. Viki was as enthusiastic as here :D"
Zoomies,ff2ebw1,t1_ff26lg1,1579502628.0,"Yes she kinda does! The head is ver, similar though I think Viki has longer tail and legs"
Zoomies,ff2dk8z,t1_ff1pzed,1579501794.0,"Ovaj francuzic nije moj, njega smo samo cuvale jedan dan. Ali igrom slucaja, na kraju imam jos jednog peseka, malog mjesanca koji je dosao s tek 2 mjeseca. Viki i on su najbolji prijatelji, nisam mogla vjerovati koliko ga je prihvatila :)"
Zoomies,ff0z1ks,t1_ff0u1qu,1579473694.0,"She is a 14yo terrier cross, at least we think so. 
Unfortunately she doesn't have an instagram page, but I will definitely try to post more of Viki content here :D"
dogpictures,ff0i1nr,t1_ff03bsm,1579469075.0,"I am so very sorry about your loss. And I am also so happy about all the years you got to spend with your dog! I can imagine what a support he was, because Viki went through something similar with me. I found her on the streets just as my dad left home and my parents were getting a nasty divorce. She was my best friend through the toughest times. And she still is! She is my daily study buddy and my biggest support through college. Unfortunately, last year she got diagnosed with some heart issues, as her heart is slowly failing her.. but she doesn't show it at all, she is still a puppy in her heart and acts like it! I hope I still have some time with her in this life :)"
dogpictures,fezvpx9,t1_fez8dxy,1579462275.0,Thank you so much :)
dogpictures,fezvfpn,t1_fezdv2x,1579462171.0,She definitely has an attitude of one haha
dogpictures,fezvcvu,t1_fezjvb7,1579462141.0,She definitely is unique 😊
dogpictures,fezv7wi,t1_fezf4iq,1579462089.0,Could be! She has a corgi butt 😂
dogpictures,fez4pux,t1_fez1c7g,1579453835.0,"Honestly, I don't know for sure, but she is some kind of terrier cross"
dogpictures,feyokcy,t1_feyl3qj,1579448347.0,"Oh my god, she is adorable!"
dogpictures,feyjgn1,t1_feyiup8,1579446299.0,"I'm sorry, please don't call the police!"
Horses,fem8lwj,t1_fem6g80,1579243740.0,You are very welcome :D
EarthPorn,fem8l2m,t1_fel9ona,1579243714.0,Zaista je :)
Horses,fekka7s,t1_fekb3em,1579201817.0,"You're welcome, I'm happy you liked it :)"
EarthPorn,fejiwl2,t1_fejitb7,1579176209.0,Of course! I would love to see the finished result if you'd like to share :D
EarthPorn,fejiqbi,t1_fejicf6,1579176009.0,"It is :D thank you, I really appreciate it!"
FromPuppyToDog,fejezat,t1_fei0wm8,1579170916.0,"Or Rockruff, well minus the fluffy tail because Alfie doesn't have one :D"
EarthPorn,feja18i,t1_fei3b76,1579163521.0,Oke je
EarthPorn,fej9zyj,t1_feil14i,1579163471.0,Eh not so good 😂
croatia,fej9pzh,t1_fei5yem,1579163089.0,Privlaci munje ljeti
FromPuppyToDog,fej9p0j,t1_feimtrd,1579163052.0,"Yes, his head is peking and the body shape and character is pinsch. Of course it's okay, everyone that meets him loves him 😂"
FromPuppyToDog,fej9neg,t1_feht84h,1579162991.0,Getting the girls 😂
EarthPorn,fej9lz6,t1_feiye4b,1579162938.0,Yes! It was made for the IN-music festival that takes place at this lake
EarthPorn,fej9kny,t1_feig285,1579162890.0,Yes it is :)
croatia,fehwd2r,t1_fehw7pi,1579125177.0,"A nema ni tu, ovo je samo inje"
EarthPorn,fehv02d,t1_fehueu4,1579124406.0,"Yes, the city decided to keep them as a decoration until spring"
toofers,fehquwn,t1_feh9jp7,1579122059.0,I will definitely try to capture his performance :D
FromPuppyToDog,fehqric,t1_feh0bx0,1579122005.0,He is like a pokemon :D
croatia,fehqlfu,t3_ep8aff,1579121908.0,Predivna slika!
EarthPorn,fehqa76,t1_fehprs1,1579121731.0,Thank you so much for this lovely comment! :)
EarthPorn,fehq8gc,t1_fehph07,1579121703.0,"Honestly, so much frost took me back a bit when I saw it in the morning"
EarthPorn,fehq5f2,t1_fehp8m8,1579121654.0,Thank you so much!
EarthPorn,fehq4mq,t1_fehkdx5,1579121642.0,"Thank you, I really appreciate it :)"
EarthPorn,fehq0fu,t1_fehcggi,1579121574.0,It really is :)
EarthPorn,fehpz6w,t1_fehcsaj,1579121554.0,Thank you :)
EarthPorn,fehpygv,t1_fehcdyf,1579121543.0,"Unfortunately it did :( usually we would have at least 50cm of snow by this time, but so far no snow at all, just some frost"
pics,fehi8w6,t1_fehhuf4,1579117079.0,"Yes I agree, I reported it though I can't find the post anymore to write the comment so I guess they removed it. Anyway, thank you!"
pics,fehhomc,t1_fehhj2i,1579116746.0,"Yes I just saw, I didn't even notice. Should I report it? I'm sorry, I'm new to reddit so I don't know if this kind of ""stealing"" of posts is allowed"
pics,fehgp1m,t1_fehc95i,1579116169.0,"Where was it posted? It's my original post, I posted it first in r/croatia and later here and in r/earthporn"
EarthPorn,feh8t8c,t1_feh6ez4,1579111522.0,"Thank you, I really appreciate it! And it's actually a lake :D"
croatia,feh3wu3,t1_feh1rf9,1579108622.0,"Jesam, hvala na prijedlogu :)"
FromPuppyToDog,feh1d93,t1_fegzhpt,1579107100.0,"He is a cross between miniature pinscher, chihuahua and a pekengese :D"
pics,fegwsmz,t1_fegshlu,1579104281.0,I'm really happy that you liked it here! Which part of Croatia did you visit?
FromPuppyToDog,fegp218,t1_fegohpd,1579099148.0,"Yes, especially when he lifts his ears up!"
pics,fegp0dz,t1_fegoo77,1579099116.0,"Now that you mention it, it kinda does look like that!"
croatia,fegltau,t1_feglo2n,1579096706.0,"Slikala haha

Samsung note 9 :D"
croatia,fegliam,t1_fegl4b9,1579096462.0,"Da, da! Izgledalo je skroz nestvarno."
croatia,fegdy6e,t1_fegdmjn,1579089344.0,Dogovoreno!
croatia,fegdhnx,t1_fegcm7h,1579088817.0,Tvoje dvoriste je i moje dvoriste
croatia,fegcc63,t1_fegatf7,1579087416.0,Hvala! :D
FromPuppyToDog,fegai18,t1_feg7jq5,1579084944.0,Alfi says thanks! :D
toofers,feg1ujt,t1_feg1lng,1579073293.0,Oh my god you made me laugh so hard hahah it's actually a giraffe and I'm a dog mom 😂
Horses,feg1kqd,t1_feetcgl,1579072986.0,"I think she is a Croatian warmblood, but don't take my word on it, she is not mine"
toofers,feg1j5a,t1_fef3zri,1579072936.0,Oh I love that comic so much!
toofers,feg1ik4,t1_feeopl1,1579072917.0,And he acts like a tiny grumpy grandpa too 😂
toofers,feeocde,t1_feejc9r,1579037821.0,"Yes! He is very vocal, especially when playing or when he doesn't want to be held 😂 I just checked your profile and saw a picture of your pupper, they really do have a lot of similarities!"
Horses,feej6ae,t1_feeij68,1579034824.0,I'm happy you like it :)
Horses,feej50m,t1_feehw4u,1579034804.0,She usually has a very calm character for a mare
toofers,feei2d2,t1_feednxd,1579034181.0,"Yes yes! He got the fur, eyes and the ears from peke, and the body shape and the attitude from mini pinsch"
Horses,fee7t84,t1_fee2lgk,1579028174.0,Thank you!
toofers,fee2u9f,t1_fee2476,1579025240.0,"It's a cross between miniature pinscher, chihuahua and pekingese, at least we think so :D"
aww,fee1s30,t3_eoopg6,1579024605.0,Gorgeous!
Horses,fedu9t6,t1_fedu0zv,1579020025.0,Thank you!
toofers,fdxmrwn,t3_enapxh,1578770702.0,She looks so proud of herself!
toofers,fdxm780,t3_enbpib,1578770544.0,What a cutiepie!
toofers,fdxiiih,t1_fdvlft5,1578769024.0,He is actually only brave from a safe distance haha
dogpictures,fdwyap5,t3_ena22v,1578763471.0,Look at that beautiful smile!
